.data
.globl sprite_frente_dados

sprite_frente_dados:
    .byte 0,0,0,0,0,0,0,0,0,0,0,0,0,0,0,0,0
    .byte 0,0,0,0,73,73,73,73,73,73,73,73,73,0,0,0,0
    .byte 0,0,0,0,73,73,73,73,73,73,73,73,73,0,0,0,0
    .byte 0,0,0,73,73,73,73,73,73,73,73,73,73,73,0,0,0
    .byte 0,73,73,73,73,73,73,73,73,73,73,73,73,73,73,73,0
    .byte 0,0,0,229,229,229,229,229,229,229,229,229,229,229,0,0,0
    .byte 0,0,0,229,76,76,229,229,229,229,229,76,76,229,0,0,0
    .byte 0,0,0,229,76,58,229,229,229,229,229,58,76,229,0,0,0
    .byte 0,0,0,229,229,229,229,229,229,229,229,229,229,229,0,0,0
    .byte 0,0,0,229,229,229,229,75,75,75,229,229,229,229,0,0,0
    .byte 0,0,0,229,229,229,229,229,229,229,229,229,229,229,0,0,0
    .byte 0,76,76,58,58,58,58,58,58,58,58,75,75,58,76,76,0
    .byte 0,76,76,58,58,58,58,58,58,58,75,75,58,58,76,76,0
    .byte 0,229,229,58,58,58,58,58,58,75,75,58,58,58,70,70,0
    .byte 0,229,229,58,58,58,58,58,75,75,58,58,58,58,70,70,0
    .byte 0,0,0,75,75,0,0,0,0,0,0,0,75,75,70,70,0
    .byte 0,0,0,0,0,0,0,0,0,0,0,0,0,0,0,0,0
